
         [2.1166663,6.3499999,12.7,2.1166666]
    	   [2.1166666,6.3499999,19.049999,2.1166666]
         [4.2333331,2.1166666,14.816666,6.3499994]
	      [2.1166666,8.4666681,12.7,25.399998]
	      [2.116667,8.4666653,16.933332,25.4
	      [12.7,2.1166666,4.9999997e-08,10.583333]
         [2.1166666,8.4666662,10.583333,12.7]
         [8.4666662,2.2129409,2.1166666,18.953724]
         [2.1701441,4.2333336,2.1166666,21.166666]
         [12.699998,2.1166666,-31.749998,25.4]
         [12.7,2.1166666,-33.866665,10.583333]
         [2.1166666,8.4666662,-23.283333,12.7]
         [8.4666662,2.2129409,-31.749998,18.953724]
         [2.1701441,4.2333336,-31.749998,21.166666]
